Editor SystemFont: 0
Editor CostomColor:
  - Color_WindowBg: [0.100000001, 0.104999997, 0.109999999, 1]
  - Color_Header: [0.224999994, 0.230000004, 0.234999999, 1]
  - Color_HeaderHovered: [0.362500012, 0.367500007, 0.372500002, 1]
  - Color_HeaderActive: [0.150000006, 0.150000006, 0.150000006, 1]
  - Color_Button: [0.224999994, 0.230000004, 0.234999999, 1]
  - Color_ButtonHovered: [0.362500012, 0.367500007, 0.372500002, 1]
  - Color_ButtonActive: [0.150000006, 0.150000006, 0.150000006, 1]
  - Color_FrameBg: [0.224999994, 0.230000004, 0.234999999, 1]
  - Color_FrameBgHovered: [0.362500012, 0.367500007, 0.372500002, 1]
  - Color_FrameBgActive: [0.150000006, 0.150000006, 0.150000006, 1]
  - Color_Tab: [0.150000006, 0.150000006, 0.150000006, 1]
  - Color_TabHovered: [0.392500013, 0.393000007, 0.3935, 1]
  - Color_TabActive: [0.267500013, 0.268000007, 0.269499987, 1]
  - Color_TabUnfocused: [0.150000006, 0.150000006, 0.150000006, 1]
  - Color_TabUnfocusedActive: [0.224999994, 0.230000004, 0.234999999, 1]
  - Color_TitleBg: [0.150000006, 0.150000006, 0.150000006, 1]
  - Color_TitleBgActive: [0.150000006, 0.150000006, 0.150000006, 1]
  - Color_TitleBgCollapsed: [0.150000006, 0.150000006, 0.150000006, 1]